$ANSIBLE_VAULT;1.1;AES256
30383737396166663133363635333563323964373564383334363836313363663261316337343834
3932353439346538353238643565313964616465613762610a623631333339616132323530333133
37643335323861663838313032633034366361353232633365653830653937363662633732643338
3035303162313730340a633430633439323839363234313130356230666464353935333939306432
34396561366233326364333031346433633439663232613739613465666664356261366532353833
63306634666234646162363962666132313030313738663435316335336263343863323465353337
64323833306638353039316335376261313938393134623530653464363438363236343538613631
65323062303861313666656230336361613465643633366537313463353662623137343032316361
62383732343666383061633435376632336237653638363766353961626161373338653464323761
33646662623339633236616364363165663565616464613063376133663839396234653831333135
37323731356331383862616362653938383063363336633133663161616232396637333035373833
37393265323839376337323064613366356336636538656137336466633037363061656537336661
30346332353662613231346161306337613638343862396464353362313138383465386439613838
65666365636635613633333062363133636565353262666631373532366330336633356166656364
62363735626235626661353737386665343430643835393161663233326235346364383562626233
33313832643734346331336566343763646561303036393731326530326664643539336635323831
30303965343332366362353130376661346564363934373061303563396666343565306232396539
31333631376430343964333934633630626531643934643638313938663330376437326637643432
63316630313265653835356131656635333337363166396434306432383839393538653831353230
32326161343232666137636437336466363334633332343933306531356638623339366566346533
30623632643739633636386565306266383539613564633836323561353230643331623536356635
36373137323839396234623539383466363937303735386333663265313533613134396238386630
34326662643536343030663735383434653234353534363165303961313137343137656130373463
61393866353635333432333061616337303037336463613436636231343330393664353733626164
37363865353963376539616466373639366265626431363663663838663832666639653366313132
30613265623565613931366137643135353763323765383165333635303038353437323464666433
38373236373633346430316135646339663636656565616236396232313961363032623431316464
61656239666630326163373031303737393137386434336635623866373634383138303163656162
65326137336664343934363831626435386364663330663932353435323033363630393666373835
61656539353838373739316337666332363661393564333164636437626332323933396230373264
33613235303036336135373639386332303436396536393338363230653630613762353866333932
65663539383235346334333265383364386563393332663939626666343763383330373530613137
34316562653935666233656337663031626565633561396635346463303630656535643261653465
64386432653338626433313232373439326265643066643061626666633463336263336361633163
33623364353763326564326366616431336339383830306135636538336334343239333738303539
32313236626332396139386564663563396430326231346330646662343933363233653037333432
63663836353336383664356430326634616364336264373963623235336333663563383233623964
39333734666431386635343765613564316534663339323461313831326666333462306433363430
39336664383630306631646133396663383531313631336664373165363735356134346535346165
34343238363663386265323062313166376232363763663865323038663930616538376162666633
37343137623935376430366262666263643538613932346361626633396263643037663035326633
37356537333761616430383765383964636332623136653336313862653430643033373064326530
39616638383663383862663437653334363935616561613138396335373536363534343938366161
38636231653130383938376161346365333564653263366431383861383535656466376663633238
66333834653738663864396532306233343039626137663362613233626461356337353864626335
39663363333836653733663265643566643566363637383835323137383465643763313032393234
62626465653935626663636365336239373931666434323162343630396434306562666136613764
64353936613161383263626166656534393234396531626636613939623735636465656537663338
33373231663264353230313832613236333139336630333737303039316266633964646566643866
38633536386534396662623437353761376561393232633435636361373833366639326362613930
31343433616332336663363964373831353866623530643366343465643635656430653130343831
39663234356565356134353466343232333066336530666363626638303962303366666136316165
34333165313735303033353636306166633062663765393661333030366564663936386436666636
35653766643939356330626334623936653965393837663037353237313766346364383838623866
37643138363165643931626332653766303430643934343762653534343564366339626231346563
36386436323931393134323633343262646662656662636136353063373938656435353937343738
66336331306330623930626637336532353233333566353562656339353531383037633038663235
65646563633866343635366138623032376664636166316231393439643935353165633164323336
37363531343333303866313831666634303261313233613430313163396130343030633566623863
61396137393531386663613339383164353735356237643438396333363166613434663532356131
61663130646330616234373137323265663333643934663764346633363231343332623133343039
61376231386539333430323834373561623264323936643038396534343737343162323136373964
66366335356136613461643339623833383938666661363432313065613761616465356164636237
65316139366231316561346662633066336265666436363361333034373031376562623861313838
36663734386630396437323139626136623637373532373433646664346365623337356333326133
37343866346639343462303962303733626434316633636565663131646331326536623766613235
66323932643265333334303261316266653363613136613237666164346266363766636465366533
64316538346564323266663438636138623732333663316666326633313937353561653435373635
64336161373263376332396561623366383563636265326634613639636434636266636237356631
36653161643234373065373939653764646136323031346364666631336432386231613962333238
36643164326239316439616265656133346233363635396235393162306639393333396561646632
61376437303438396664366135343330323561376139313037636563646636336635343835393165
37323736343036373865623735643636616239393363313762376365323134626332636231616363
37343933373861666161373465373363333161646364666663613339303533356166323061313563
33396166653364616331343165326636636164666565343732363335303737323732366338313432
37643463316534663833313965313563373930666234643937613533346461303839356463386364
38386332643834383063356238356365653433636233356664386162646165626265656336323532
34386161376333663164613964366530333535616233353863313535626231623463663338346437
63666465343832636664633661333637363332653964643664663133393730336238323965376231
30343263646163353162343231323266323165366237373130646565326562356331623338396565
66646662626539373738643962646332333532623566353338333664353139363138636235303336
65393633373462336333343633653631363530646139636630303138633237636364396238316138
62643133323132373538336465353335376265373837366338313037396664613131313664393735
66626636373037343034663962663530353534383466626365666439356538376432626635303061
66303037383236346634336435386133653965653364646232656438343135633964653765343565
61336362333661376364313066313532396639343434386234313561656438656532666165383965
62303766663033643531326230663531383966363936646462663839353039376232663735346633
32323834346664643039346465353364613036303839623731353835626136383032336265633738
65373432383337383564383062303464663036356637643431623563373861383437383031386635
33323833623433646235356163326431323266643031613634353635373133646538383464666661
66363538303536666265383465663537353034646664623364643632393334303062643062626362
62386638393466393361363430396630306333386566373362363566653534363436336561346136
39336139383463336339393264303535613038336139333836613038616230313964303030363736
62663236336662343166333563336266383862643234656138323664306363333165653866386162
36323265353832626464656662363965663361376463373734333434633632303438323136326134
32323531666336343865666266393238386637333761313863323462393539653336666662323534
32383535383433343032376561396330393336643263373962623265653763306165656335326664
62653132343732636231646432326562356664396665303464393235646439656331666531666235
62636538633130343638303637393439343132613961323133626639333932306562616561316465
38323766633864356236386163306632326332633431643061306264656462343432363839636364
37613766626162386334663265386433396639386562366233303565386632346564323638393035
31633862613536323536316666326538343639656234393138313833346163376363386336333535
63386336656631333765376665363736613563636630643665643834393430373164366461633539
62336562623865663339663839623363323761623633646336613462636661396565373935616666
31396532336436633330376165626135306366333564363735373535633665656363316533336163
39656532326263616339343630313331393961303636376435663364663730383239343434633031
62356362356163333139303931316238383338633862656333366133656339353234316233306366
36343264616266353939303739363665623738363630353334653330373262623032373730363135
36636339373264363431633439343863323062643630646534663165663764356136
