$ANSIBLE_VAULT;1.1;AES256
62643832356463303531333732356538343561383039333766643237376666343530646263623463
6235386434656331396434666234346663393536623736360a376335646233356432346138323238
62336633313930393835666462393836396131373966303266653931366366613161626131613933
3538333834656365330a346161376633643634306561383535333339313338666464333263366632
34303562636562396633386631323263313932343438636563313839396563643464646661316230
61613165633066333862376539643961383530656438393933643336353361353637376363366439
61313462303533363339366630336232363130653164373463383438623763343062343536313065
63653836356331346231623234613866653835326330623235333431663739363762353463333337
39383266376639393864396233383634363933396666323331336236343364633664636235323366
39386462303164653633373764393339643266396134666632323133393831313962383539353636
32383830346539666631383565326432306432346538643237316165323434353239663833363765
63323163326333643033613264643463323839383135316233643131626462356434643032393631
34336538363834636131356162363531346465353831343033356630343363626566356132633734
66643732353939353662333532633839396637393737353864613533353561346238333833626439
33346234323833383236663239633932356662663561646133396631333266313962383762636262
32393761323135336536303766393736356165353566636438616534396134303535633561346165
65643134336533373132393263646338346536303938653664373462626534663161313066646233
34323665303239303936316135643233613132623537366262326539343937326266636532636561
34303331616436353066366538646134366532363763663636623166613732396166666337303731
33613064646537373735666530663836306234383264303935346337353233623639643666373536
65613032373234653532373161663866333034653461626435313737326266383061393165313134
36313038306438633934383165393634656537333535336530653663656661336138613365366566
63363932663038383039363731376233336339633865643464353663323734356432323364653033
37393832303237323439336535333237333539623662666364326261313936633864653837393235
37646462313736633466383763313530303837323235303937323737373931353731316430663537
3437343064643734653037303665306235313034316537383635
